0 0.9 0.207997 0.165439
1 2.7 0.18354 0.224524
2 4.5 0.160015 0.195605
3 6.3 0.140135 0.259832
4 8.1 0.116098 0.154627
5 9.9 0.0986782 0.22767
6 11.7 0.0887433 0.177355
7 13.5 0.0734916 0.175942
8 15.3 0.0637632 0.206505
9 17.1 0.05112 0.191616
10 18.9 0.0439105 0.117919
11 20.7 0.034743 0.19547
12 22.5 0.0330878 0.191461
13 24.3 0.027155 0.174515
14 26.1 0.0227261 0.123444
15 27.9 0.0184865 0.17482
16 29.7 0.0158986 0.150889
17 31.5 0.0139509 0.174419
18 33.3 0.0121029 0.161987
19 35.1 0.0102653 0.179458
20 36.9 0.00873737 0.16048
21 38.7 0.0082143 0.155232
22 40.5 0.00613921 0.169211
23 42.3 0.00562303 0.158353
24 44.1 0.00525137 0.170385
25 45.9 0.00495542 0.149862
26 47.7 0.00513092 0.159167
27 49.5 0.00477647 0.165297
28 51.3 0.00481433 0.160887
29 53.1 0.0043119 0.165363
30 54.9 0.00379227 0.145578
31 56.7 0.00356515 0.163953
32 58.5 0.00355483 0.155844
33 60.3 0.00385422 0.158312
34 62.1 0.00395401 0.172003
35 63.9 0.00296637 0.158479
36 65.7 0.00266354 0.152096
37 67.5 0.00275989 0.164557
38 69.3 0.00259815 0.160324
39 71.1 0.00234006 0.149578
40 72.9 0.0028184 0.170436
41 74.7 0.0028941 0.156087
42 76.5 0.00301111 0.163138
43 78.3 0.00320726 0.171372
44 80.1 0.00339997 0.165478
45 81.9 0.00370968 0.170364
46 83.7 0.00420867 0.147139
47 85.5 0.00423275 0.158143
48 87.3 0.00491412 0.181565
49 89.1 0.00590521 0.163129
50 90.9 0.00602565 0.16333
51 92.7 0.0074641 0.160641
52 94.5 0.00923635 0.165378
53 96.3 0.01116 0.150788
54 98.1 0.0132833 0.158058
55 99.9 0.0151175 0.150643
56 101.7 0.0184314 0.17286
57 103.5 0.0221308 0.182178
58 105.3 0.0281048 0.160512
59 107.1 0.0349082 0.156576
60 108.9 0.0423379 0.148688
61 110.7 0.0511234 0.144746
62 112.5 0.0649745 0.165346
63 114.3 0.0758455 0.225974
64 116.1 0.0894316 0.13222
65 117.9 0.107574 0.137586
66 119.7 0.124085 0.188984
67 121.5 0.143687 0.156429
68 123.3 0.172025 0.123016
69 125.1 0.194645 0.205294
70 126.9 0.222247 0.0325784
71 128.7 0.252358 0.253016
72 130.5 0.283409 0.0596653
73 132.3 0.319181 0.220118
74 134.1 0.347203 0.181789
75 135.9 0.382675 0.0716148
76 137.7 0.412387 0.150227
77 139.5 0.44405 0.198222
78 141.3 0.472076 0.132874
79 143.1 0.501058 0.146839
80 144.9 0.532522 0.0571578
81 146.7 0.540581 0.235899
82 148.5 0.559081 0.112681
83 150.3 0.57774 0.0842731
84 152.1 0.58519 0.23448
85 153.9 0.590727 0.118831
86 155.7 0.580669 0.245126
87 157.5 0.574044 0.158721
88 159.3 0.564188 0.335974
89 161.1 0.545454 0.195442
90 162.9 0.524504 0.126911
91 164.7 0.494231 0.15441
92 166.5 0.466388 0.152353
93 168.3 0.432976 0.172405
94 170.1 0.40749 0.198094
95 171.9 0.37219 0.127995
96 173.7 0.339728 0.225257
97 175.5 0.315936 0.257239
98 177.3 0.281585 0.246288
99 179.1 0.250872 0.139029
100 180.9 0.224277 0.204957
101 182.7 0.195178 0.216136
102 184.5 0.172493 0.157046
103 186.3 0.146364 0.161669
104 188.1 0.127127 0.172937
105 189.9 0.110062 0.150732
106 191.7 0.0911625 0.201551
107 193.5 0.0744862 0.172314
108 195.3 0.0619703 0.136349
109 197.1 0.0532088 0.179831
110 198.9 0.0454419 0.144276
111 200.7 0.0353315 0.194844
112 202.5 0.029705 0.132409
113 204.3 0.0262293 0.138555
114 206.1 0.0225368 0.140593
115 207.9 0.0190474 0.146119
116 209.7 0.0163667 0.138309
117 211.5 0.0149248 0.142003
118 213.3 0.0123885 0.142575
119 215.1 0.0112082 0.125853
120 216.9 0.00969404 0.139487
121 218.7 0.00777037 0.137478
122 220.5 0.0080732 0.13867
123 222.3 0.00681714 0.136129
124 224.1 0.005771 0.148191
125 225.9 0.00483842 0.134934
126 227.7 0.00477992 0.130845
127 229.5 0.00457 0.147254
128 231.3 0.00372689 0.132921
129 233.1 0.00376474 0.137832
130 234.9 0.00334835 0.132521
131 236.7 0.00302143 0.135237
132 238.5 0.0032107 0.144311
133 240.3 0.00288722 0.128204
134 242.1 0.00251556 0.135824
135 243.9 0.00235038 0.136884
136 245.7 0.00248803 0.139639
137 247.5 0.00220241 0.132144
138 249.3 0.00235038 0.143931
139 251.1 0.00212326 0.135383
140 252.9 0.00262224 0.136451
141 254.7 0.00264289 0.130924
142 256.5 0.00290099 0.129426
143 258.3 0.00311434 0.14943
144 260.1 0.00313155 0.138027
145 261.9 0.00385422 0.124412
146 263.7 0.00407102 0.146307
147 265.5 0.00420522 0.150053
148 267.3 0.00465603 0.103398
149 269.1 0.0050621 0.145843
150 270.9 0.00582262 0.146484
151 272.7 0.0066967 0.10534
152 274.5 0.00860316 0.148057
153 276.3 0.0108365 0.146499
154 278.1 0.0127224 0.103771
155 279.9 0.0161705 0.151281
156 281.7 0.0191025 0.122667
157 283.5 0.0229463 0.159206
158 285.3 0.0281771 0.0641739
159 287.1 0.0351732 0.189633
160 288.9 0.0424101 0.147883
161 290.7 0.0508894 0.111087
162 292.5 0.059816 0.135192
163 294.3 0.0726795 0.154409
164 296.1 0.0878107 0.1358
165 297.9 0.102808 0.115565
166 299.7 0.124267 0.120161
167 301.5 0.149086 0.131611
168 303.3 0.172803 0.138712
169 305.1 0.199562 0.101581
170 306.9 0.229267 0.0274731
171 308.7 0.253002 0.134181
172 310.5 0.286523 0.118209
173 312.3 0.3115 0.0537698
174 314.1 0.344464 0.166747
175 315.9 0.377844 0.0967579
176 317.7 0.408795 0.146246
177 319.5 0.434177 0.210449
178 321.3 0.465589 0.0747133
179 323.1 0.490463 0.244113
180 324.9 0.522618 0.119216
181 326.7 0.545602 0.162334
182 328.5 0.569921 0.202168
183 330.3 0.576398 0.114773
184 332.1 0.586822 0.162144
185 333.9 0.578215 0.334753
186 335.7 0.568889 0.128486
187 337.5 0.556807 0.196232
188 339.3 0.550533 0.169652
189 341.1 0.533269 0.112484
190 342.9 0.507717 0.19818
191 344.7 0.493037 0.210005
192 346.5 0.465858 0.145946
193 348.3 0.442629 0.235875
194 350.1 0.405942 0.252982
195 351.9 0.374141 0.175777
196 353.7 0.345489 0.307064
197 355.5 0.306682 0.205933
198 357.3 0.275005 0.171404
199 359.1 0.234791 0.282599
