0 0.9 0.174991 0.264086
1 2.7 0.135128 0.166059
2 4.5 0.105997 0.203464
3 6.3 0.0800129 0.203984
4 8.1 0.0623481 0.133201
5 9.9 0.0479895 0.18908
6 11.7 0.0379328 0.164101
7 13.5 0.0303352 0.154078
8 15.3 0.0223406 0.117383
9 17.1 0.0174141 0.134333
10 18.9 0.0138738 0.196838
11 20.7 0.0111202 0.140795
12 22.5 0.00782641 0.165872
13 24.3 0.00654987 0.141607
14 26.1 0.00617693 0.140579
15 27.9 0.00512394 0.154678
16 29.7 0.00371786 0.137873
17 31.5 0.00293647 0.129941
18 33.3 0.00230447 0.137523
19 35.1 0.00255205 0.160133
20 36.9 0.00244549 0.140582
21 38.7 0.00226686 0.147283
22 40.5 0.00174768 0.151868
23 42.3 0.00151577 0.143321
24 44.1 0.00108642 0.150527
25 45.9 0.000693638 0.141603
26 47.7 0.000739602 0.145311
27 49.5 0.000576639 0.141088
28 51.3 0.000586041 0.142427
29 53.1 0.000453372 0.145669
30 54.9 0.000423078 0.145109
31 56.7 0.000298766 0.147447
32 58.5 0.000389649 0.137147
33 60.3 0.000335328 0.14156
34 62.1 0.000241311 0.14226
35 63.9 0.00025907 0.143898
36 65.7 0.000271605 0.133828
37 67.5 0.000212061 0.139217
38 69.3 0.00021415 0.137432
39 71.1 0.000273695 0.145675
40 72.9 0.000223552 0.139298
41 74.7 0.000143115 0.135932
42 76.5 0.000162963 0.1511
43 78.3 0.00014416 0.14676
44 80.1 0.000174454 0.151903
45 81.9 0.000121178 0.139717
46 83.7 0.000175499 0.148166
47 85.5 0.000227731 0.149259
48 87.3 0.000212061 0.152489
49 89.1 0.000180722 0.138162
50 90.9 0.000294587 0.154073
51 92.7 0.000282052 0.144415
52 94.5 0.000238177 0.144963
53 96.3 0.000274739 0.146976
54 98.1 0.000284141 0.148263
55 99.9 0.000410542 0.154776
56 101.7 0.00043039 0.147328
57 103.5 0.000458595 0.161193
58 105.3 0.000634094 0.151751
59 107.1 0.000741692 0.147792
60 108.9 0.000822129 0.161464
61 110.7 0.000907789 0.151909
62 112.5 0.00112403 0.16121
63 114.3 0.00193049 0.148386
64 116.1 0.00254369 0.129186
65 117.9 0.00367399 0.122358
66 119.7 0.00534749 0.149304
67 121.5 0.0071286 0.140892
68 123.3 0.00928159 0.123075
69 125.1 0.0131551 0.138817
70 126.9 0.0188849 0.0829286
71 128.7 0.02813 0.131242
72 130.5 0.0400064 0.0551673
73 132.3 0.0585007 0.0503182
74 134.1 0.078096 -0.0380156
75 135.9 0.109518 -0.00726213
76 137.7 0.148293 -0.110839
77 139.5 0.199517 -0.11056
78 141.3 0.262475 -0.156673
79 143.1 0.336755 -0.20425
80 144.9 0.418606 -0.349224
81 146.7 0.510333 -0.235431
82 148.5 0.615223 -0.318579
83 150.3 0.724892 -0.153301
84 152.1 0.823433 -0.234326
85 153.9 0.917504 -0.120132
86 155.7 0.990326 -0.181254
87 157.5 1.033 0.0880641
88 159.3 1.0571 0.0707464
89 161.1 1.02977 0.45264
90 162.9 0.997986 0.547746
91 164.7 0.923931 0.442957
92 166.5 0.84427 0.66916
93 168.3 0.755301 0.531132
94 170.1 0.64533 0.604902
95 171.9 0.539339 0.339763
96 173.7 0.44844 0.416846
97 175.5 0.367635 0.511305
98 177.3 0.300919 0.354377
99 179.1 0.237324 0.269936
100 180.9 0.188016 0.188823
101 182.7 0.147779 0.181274
102 184.5 0.113798 0.183543
103 186.3 0.0885079 0.255716
104 188.1 0.0707699 0.190503
105 189.9 0.0561346 0.218699
106 191.7 0.0409142 0.176473
107 193.5 0.0322646 0.164094
108 195.3 0.0251057 0.178875
109 197.1 0.01898 0.208114
110 198.9 0.0155264 0.18258
111 200.7 0.0124552 0.182277
112 202.5 0.00961379 0.178731
113 204.3 0.00762689 0.171358
114 206.1 0.00621872 0.176728
115 207.9 0.00465281 0.168165
116 209.7 0.00361549 0.157031
117 211.5 0.00304511 0.137787
118 213.3 0.00292707 0.134436
119 215.1 0.00234207 0.153279
120 216.9 0.00166097 0.138897
121 218.7 0.00149174 0.140222
122 220.5 0.00155651 0.131174
123 222.3 0.00103732 0.14896
124 224.1 0.00103941 0.138696
125 225.9 0.000845111 0.13955
126 227.7 0.00080437 0.128869
127 229.5 0.00097778 0.136599
128 231.3 0.000605889 0.13402
129 233.1 0.000534854 0.135638
130 234.9 0.000557836 0.139764
131 236.7 0.000610068 0.137571
132 238.5 0.00044606 0.14569
133 240.3 0.000467997 0.134637
134 242.1 0.000381292 0.138326
135 243.9 0.000422033 0.140799
136 245.7 0.000332194 0.138946
137 247.5 0.000287275 0.140041
138 249.3 0.000275784 0.137626
139 251.1 0.000328016 0.137084
140 252.9 0.000274739 0.140821
141 254.7 0.00020057 0.142059
142 256.5 0.000220418 0.135254
143 258.3 0.000169231 0.145739
144 260.1 0.000235043 0.132606
145 261.9 0.000247579 0.132495
146 263.7 0.000183856 0.135963
147 265.5 0.000189079 0.134063
148 267.3 0.000276829 0.128933
149 269.1 0.000204749 0.130805
150 270.9 0.000170276 0.136873
151 272.7 0.00027265 0.128818
152 274.5 0.000367712 0.127068
153 276.3 0.000636183 0.136978
154 278.1 0.000579773 0.131328
155 279.9 0.000595443 0.131838
156 281.7 0.000497247 0.132738
157 283.5 0.00060171 0.131694
158 285.3 0.000756317 0.121769
159 287.1 0.000914057 0.129869
160 288.9 0.00086078 0.117303
161 290.7 0.0011 0.120023
162 292.5 0.00155337 0.12513
163 294.3 0.00152621 0.0886354
164 296.1 0.00233894 0.1396
165 297.9 0.00288529 0.126919
166 299.7 0.00411273 0.128656
167 301.5 0.00624275 0.124814
168 303.3 0.0090361 0.130183
169 305.1 0.0115077 0.179053
170 306.9 0.0162901 0.0805009
171 308.7 0.0245176 0.120891
172 310.5 0.0357798 0.0566748
173 312.3 0.0507244 0.0829187
174 314.1 0.0727036 0.113762
175 315.9 0.101661 0.0519934
176 317.7 0.139809 0.0315318
177 319.5 0.187333 -0.0842786
178 321.3 0.247699 0.0370159
179 323.1 0.317099 0.232229
180 324.9 0.404039 0.0983026
181 326.7 0.49305 0.199192
182 328.5 0.585683 0.294088
183 330.3 0.686802 0.22499
184 332.1 0.791639 0.456949
185 333.9 0.86955 0.298027
186 335.7 0.932544 0.296032
187 337.5 0.970891 0.48239
188 339.3 0.989801 0.500941
189 341.1 0.975826 0.37646
190 342.9 0.939379 0.491238
191 344.7 0.872047 0.463059
192 346.5 0.803365 0.576967
193 348.3 0.708914 0.52137
194 350.1 0.612721 0.330265
195 351.9 0.511383 0.235064
196 353.7 0.423087 0.509934
197 355.5 0.349588 0.117794
198 357.3 0.276903 0.192034
199 359.1 0.222181 0.263869
