0 0.9 0.223698 0.161038
1 2.7 0.1878 0.174985
2 4.5 0.168638 0.166247
3 6.3 0.150212 0.163214
4 8.1 0.128133 0.166451
5 9.9 0.109313 0.168962
6 11.7 0.0949832 0.161995
7 13.5 0.0786855 0.155768
8 15.3 0.0676989 0.167376
9 17.1 0.0582518 0.160152
10 18.9 0.0481978 0.152646
11 20.7 0.0413231 0.160576
12 22.5 0.0361614 0.153708
13 24.3 0.0299949 0.15528
14 26.1 0.0250355 0.153901
15 27.9 0.0202994 0.146243
16 29.7 0.0180867 0.142473
17 31.5 0.0159731 0.150261
18 33.3 0.0134268 0.147041
19 35.1 0.0124361 0.141762
20 36.9 0.00923767 0.14918
21 38.7 0.00838723 0.147457
22 40.5 0.0083111 0.145505
23 42.3 0.00588098 0.144441
24 44.1 0.00521785 0.145928
25 45.9 0.00440648 0.143765
26 47.7 0.00384452 0.144127
27 49.5 0.00452568 0.143343
28 51.3 0.00379544 0.14441
29 53.1 0.00348191 0.142342
30 54.9 0.00351597 0.141463
31 56.7 0.00316237 0.141691
32 58.5 0.00233897 0.141638
33 60.3 0.00246919 0.144251
34 62.1 0.00230491 0.144019
35 63.9 0.00222778 0.143122
36 65.7 0.00220975 0.1463
37 67.5 0.00246819 0.141404
38 69.3 0.00239106 0.14445
39 71.1 0.00239206 0.14429
40 72.9 0.0025904 0.146414
41 74.7 0.00248221 0.145049
42 76.5 0.00260542 0.14609
43 78.3 0.00277571 0.148035
44 80.1 0.00302613 0.146538
45 81.9 0.00357406 0.147401
46 83.7 0.0038896 0.148017
47 85.5 0.00392266 0.147203
48 87.3 0.00427626 0.148085
49 89.1 0.00483921 0.150853
50 90.9 0.00633775 0.147198
51 92.7 0.00864066 0.150099
52 94.5 0.00993185 0.14917
53 96.3 0.0120935 0.151633
54 98.1 0.0152218 0.150992
55 99.9 0.0183051 0.148474
56 101.7 0.0219973 0.14093
57 103.5 0.0278913 0.144515
58 105.3 0.034154 0.139029
59 107.1 0.04184 0.131832
60 108.9 0.0467914 0.148723
61 110.7 0.0572451 0.140472
62 112.5 0.0694318 0.141983
63 114.3 0.0838383 0.140534
64 116.1 0.100819 0.136548
65 117.9 0.114412 0.13376
66 119.7 0.137543 0.1429
67 121.5 0.158318 0.139364
68 123.3 0.183825 0.128571
69 125.1 0.206 0.14791
70 126.9 0.229987 0.143052
71 128.7 0.262769 0.14
72 130.5 0.292916 0.130737
73 132.3 0.322538 0.144699
74 134.1 0.355855 0.139137
75 135.9 0.388816 0.144122
76 137.7 0.414096 0.141985
77 139.5 0.440133 0.147552
78 141.3 0.461544 0.16002
79 143.1 0.493503 0.164042
80 144.9 0.511689 0.164267
81 146.7 0.524916 0.146418
82 148.5 0.545339 0.154023
83 150.3 0.554084 0.144815
84 152.1 0.556245 0.173294
85 153.9 0.556854 0.195826
86 155.7 0.556774 0.18203
87 157.5 0.541683 0.201698
88 159.3 0.528417 0.231297
89 161.1 0.509671 0.220214
90 162.9 0.491181 0.218049
91 164.7 0.477758 0.20767
92 166.5 0.449937 0.212001
93 168.3 0.425353 0.202552
94 170.1 0.399499 0.220324
95 171.9 0.362354 0.218047
96 173.7 0.331115 0.210573
97 175.5 0.308765 0.203339
98 177.3 0.271962 0.191558
99 179.1 0.243596 0.187223
100 180.9 0.219234 0.182308
101 182.7 0.188529 0.17506
102 184.5 0.166351 0.165633
103 186.3 0.146562 0.159346
104 188.1 0.1248 0.155199
105 189.9 0.105795 0.160658
106 191.7 0.0904114 0.15771
107 193.5 0.076034 0.165301
108 195.3 0.062459 0.152491
109 197.1 0.0523949 0.151257
110 198.9 0.0462104 0.156123
111 200.7 0.0388629 0.155294
112 202.5 0.0339937 0.157316
113 204.3 0.0305999 0.159872
114 206.1 0.0219182 0.156922
115 207.9 0.0192326 0.155605
116 209.7 0.0164489 0.156509
117 211.5 0.0139917 0.154939
118 213.3 0.0127847 0.154053
119 215.1 0.0107522 0.151918
120 216.9 0.00917357 0.152874
121 218.7 0.00768103 0.154576
122 220.5 0.00759088 0.1536
123 222.3 0.00701991 0.154085
124 224.1 0.00559249 0.152895
125 225.9 0.00563556 0.152678
126 227.7 0.00562655 0.149762
127 229.5 0.00503354 0.150304
128 231.3 0.00408794 0.152326
129 233.1 0.00404186 0.153201
130 234.9 0.00283982 0.152579
131 236.7 0.00307121 0.151687
132 238.5 0.0031263 0.153635
133 240.3 0.00283982 0.151235
134 242.1 0.00255734 0.152977
135 243.9 0.00241109 0.149348
136 245.7 0.00228087 0.150284
137 247.5 0.00251927 0.151024
138 249.3 0.00248221 0.151616
139 251.1 0.00274666 0.153249
140 252.9 0.00255233 0.154171
141 254.7 0.0026535 0.152255
142 256.5 0.00287588 0.151431
143 258.3 0.00238605 0.15235
144 260.1 0.00254632 0.153044
145 261.9 0.00333666 0.152494
146 263.7 0.00410497 0.152964
147 265.5 0.00405789 0.151445
148 267.3 0.00433435 0.153051
149 269.1 0.00487327 0.152764
150 270.9 0.00648601 0.15421
151 272.7 0.00763896 0.154018
152 274.5 0.00995589 0.149757
153 276.3 0.0131203 0.152205
154 278.1 0.0154763 0.150506
155 279.9 0.017691 0.153468
156 281.7 0.0219172 0.155406
157 283.5 0.0261504 0.15099
158 285.3 0.0321155 0.154271
159 287.1 0.0384733 0.144775
160 288.9 0.0461563 0.149012
161 290.7 0.0584502 0.14743
162 292.5 0.0707911 0.147486
163 294.3 0.0877409 0.143816
164 296.1 0.101431 0.144295
165 297.9 0.116675 0.138234
166 299.7 0.136622 0.1421
167 301.5 0.160923 0.146496
168 303.3 0.18855 0.157183
169 305.1 0.211504 0.167696
170 306.9 0.237955 0.154399
171 308.7 0.269533 0.166125
172 310.5 0.299658 0.144692
173 312.3 0.336106 0.144754
174 314.1 0.364165 0.148158
175 315.9 0.391657 0.147799
176 317.7 0.418839 0.15607
177 319.5 0.448947 0.149954
178 321.3 0.471628 0.155405
179 323.1 0.505098 0.190996
180 324.9 0.52631 0.172755
181 326.7 0.543672 0.199975
182 328.5 0.556615 0.205681
183 330.3 0.565446 0.218146
184 332.1 0.565633 0.193153
185 333.9 0.564335 0.205839
186 335.7 0.558278 0.214093
187 337.5 0.548935 0.217687
188 339.3 0.537463 0.185521
189 341.1 0.517575 0.196197
190 342.9 0.500931 0.214153
191 344.7 0.483144 0.204646
192 346.5 0.460621 0.191709
193 348.3 0.428352 0.170711
194 350.1 0.398363 0.181067
195 351.9 0.373537 0.170775
196 353.7 0.338339 0.163305
197 355.5 0.309677 0.175663
198 357.3 0.2801 0.161045
199 359.1 0.25388 0.171652
